v -1.00000000 -1.00000000 1.00000000
v -1.00000000 1.00000000 1.00000000
v 1.00000000 1.00000000 1.00000000
v 1.00000000 -1.00000000 1.00000000
v -1.00000000 -1.00000000 -1.00000000
v -1.00000000 1.00000000 -1.00000000
v 1.00000000 1.00000000 -1.00000000
v 1.00000000 -1.00000000 -1.00000000
v 1.00000000 1.00000000 0.0000000e+0
v 1.00000000 -1.00000000 0.0000000e+0
v 1.00000000 0.0000000e+0 1.00000000
v 1.00000000 0.0000000e+0 -1.00000000
v 1.00000000 0.0000000e+0 0.0000000e+0
v 0.0000000e+0 1.00000000 1.00000000
v 0.0000000e+0 -1.00000000 1.00000000
v -1.00000000 0.0000000e+0 1.00000000
v 0.0000000e+0 0.0000000e+0 1.00000000
v -1.00000000 1.00000000 0.0000000e+0
v -1.00000000 0.0000000e+0 -1.00000000
v -1.00000000 -1.00000000 0.0000000e+0
v -1.00000000 0.0000000e+0 0.0000000e+0
v 0.0000000e+0 1.00000000 -1.00000000
v 0.0000000e+0 -1.00000000 -1.00000000
v 0.0000000e+0 0.0000000e+0 -1.00000000
v 0.0000000e+0 1.00000000 0.0000000e+0
v 0.0000000e+0 -1.00000000 0.0000000e+0
vn -0.57735027 -0.57735027 0.57735027
vn -0.57735027 0.57735027 0.57735027
vn 0.57735027 0.57735027 0.57735027
vn 0.57735027 -0.57735027 0.57735027
vn -0.57735027 -0.57735027 -0.57735027
vn -0.57735027 0.57735027 -0.57735027
vn 0.57735027 0.57735027 -0.57735027
vn 0.57735027 -0.57735027 -0.57735027
vn 0.70710678 0.70710678 0.0000000e+0
vn 0.70710678 -0.70710678 0.0000000e+0
vn 0.70710678 0.0000000e+0 0.70710678
vn 0.70710678 0.0000000e+0 -0.70710678
vn 1.00000000 0.0000000e+0 0.0000000e+0
vn 0.0000000e+0 0.70710678 0.70710678
vn 0.0000000e+0 -0.70710678 0.70710678
vn -0.70710678 0.0000000e+0 0.70710678
vn 0.0000000e+0 0.0000000e+0 1.00000000
vn -0.70710678 0.70710678 0.0000000e+0
vn -0.70710678 0.0000000e+0 -0.70710678
vn -0.70710678 -0.70710678 0.0000000e+0
vn -1.00000000 0.0000000e+0 0.0000000e+0
vn 0.0000000e+0 0.70710678 -0.70710678
vn 0.0000000e+0 -0.70710678 -0.70710678
vn 0.0000000e+0 0.0000000e+0 -1.00000000
vn 0.0000000e+0 1.00000000 0.0000000e+0
vn 0.0000000e+0 -1.00000000 0.0000000e+0
f 1 21 16 2 17 15
f 1 26 20 5 21 16
f 1 17 15 4 26 20
f 2 25 14 3 17 16
f 2 17 16 1 21 18
f 2 21 18 6 25 14
f 3 25 9 7 13 11
f 3 13 11 4 17 14
f 3 17 14 2 25 9
f 4 17 11 3 13 10
f 4 26 15 1 17 11
f 4 13 10 8 26 15
f 5 24 19 6 21 20
f 5 26 23 8 24 19
f 5 21 20 1 26 23
f 6 25 18 2 21 19
f 6 21 19 5 24 22
f 6 24 22 7 25 18
f 7 24 12 8 13 9
f 7 25 22 6 24 12
f 7 13 9 3 25 22
f 8 26 10 4 13 12
f 8 13 12 7 24 23
f 8 24 23 5 26 10
f 9 25 7 12 13 3
f 9 13 3 14 25 7
f 10 26 4 11 13 8
f 10 13 8 23 26 4
f 11 17 3 9 13 4
f 11 13 4 15 17 3
f 12 24 8 10 13 7
f 12 13 7 22 24 8
f 14 25 3 11 17 2
f 14 17 2 18 25 3
f 15 26 1 16 17 4
f 15 17 4 10 26 1
f 16 21 2 14 17 1
f 16 17 1 20 21 2
f 18 25 2 16 21 6
f 18 21 6 22 25 2
f 19 24 6 18 21 5
f 19 21 5 23 24 6
f 20 26 5 19 21 1
f 20 21 1 15 26 5
f 22 25 6 19 24 7
f 22 24 7 9 25 6
f 23 26 8 12 24 5
f 23 24 5 20 26 8

end of file