v 0.375926 0.904712 -3.29597e-17
v 0.347310 0.904712 0.143861
v 0.265820 0.904712 0.265820
v 0.143861 0.904712 0.347310
v 2.12569e-17 0.904712 0.375926
v -0.143861 0.904712 0.347310
v -0.265820 0.904712 0.265820
v -0.347310 0.904712 0.143861
v -0.375926 0.904712 4.77180e-17
v -0.347310 0.904712 -0.143861
v -0.265820 0.904712 -0.265820
v -0.143861 0.904712 -0.347310
v -7.07096e-17 0.904712 -0.375926
v 0.143861 0.904712 -0.347310
v 0.265820 0.904712 -0.265820
v 0.347310 0.904712 -0.143861
v 0.680450 0.693650 -5.55112e-17
v 0.628654 0.693650 0.260397
v 0.481151 0.693650 0.481151
v 0.260397 0.693650 0.628654
v 4.15975e-17 0.693650 0.680450
v -0.260397 0.693650 0.628654
v -0.481151 0.693650 0.481151
v -0.628654 0.693650 0.260397
v -0.680450 0.693650 8.57971e-17
v -0.628654 0.693650 -0.260397
v -0.481151 0.693650 -0.481151
v -0.260397 0.693650 -0.628654
v -1.27395e-16 0.693650 -0.680450
v 0.260397 0.693650 -0.628654
v 0.481151 0.693650 -0.481151
v 0.628654 0.693650 -0.260397
v 0.889051 0.375401 -6.93889e-17
v 0.821376 0.375401 0.340225
v 0.628654 0.375401 0.628654
v 0.340225 0.375401 0.821376
v 6.29792e-17 0.375401 0.889051
v -0.340225 0.375401 0.821376
v -0.628654 0.375401 0.628654
v -0.821376 0.375401 0.340225
v -0.889051 0.375401 1.05142e-16
v -0.821376 0.375401 -0.340225
v -0.628654 0.375401 -0.628654
v -0.340225 0.375401 -0.821376
v -1.68121e-16 0.375401 -0.889051
v 0.340225 0.375401 -0.821376
v 0.628654 0.375401 -0.628654
v 0.821376 0.375401 -0.340225
v 0.962302 6.87791e-17 -7.63278e-17
v 0.889051 6.87791e-17 0.368257
v 0.680450 6.87791e-17 0.680450
v 0.368257 6.87791e-17 0.889051
v 6.70444e-17 6.87791e-17 0.962302
v -0.368257 6.87791e-17 0.889051
v -0.680450 6.87791e-17 0.680450
v -0.889051 6.87791e-17 0.368257
v -0.962302 6.87791e-17 1.11537e-16
v -0.889051 6.87791e-17 -0.368257
v -0.680450 6.87791e-17 -0.680450
v -0.368257 6.87791e-17 -0.889051
v -1.83786e-16 6.87791e-17 -0.962302
v 0.368257 6.87791e-17 -0.889051
v 0.680450 6.87791e-17 -0.680450
v 0.889051 6.87791e-17 -0.368257
v 0.889051 -0.375401 -6.93889e-17
v 0.821376 -0.375401 0.340225
v 0.628654 -0.375401 0.628654
v 0.340225 -0.375401 0.821376
v 5.43056e-17 -0.375401 0.889051
v -0.340225 -0.375401 0.821376
v -0.628654 -0.375401 0.628654
v -0.821376 -0.375401 0.340225
v -0.889051 -0.375401 1.03407e-16
v -0.821376 -0.375401 -0.340225
v -0.628654 -0.375401 -0.628654
v -0.340225 -0.375401 -0.821376
v -1.64651e-16 -0.375401 -0.889051
v 0.340225 -0.375401 -0.821376
v 0.628654 -0.375401 -0.628654
v 0.821376 -0.375401 -0.340225
v 0.680450 -0.693650 -5.37764e-17
v 0.628654 -0.693650 0.260397
v 0.481151 -0.693650 0.481151
v 0.260397 -0.693650 0.628654
v 3.55260e-17 -0.693650 0.680450
v -0.260397 -0.693650 0.628654
v -0.481151 -0.693650 0.481151
v -0.628654 -0.693650 0.260397
v -0.680450 -0.693650 8.66645e-17
v -0.628654 -0.693650 -0.260397
v -0.481151 -0.693650 -0.481151
v -0.260397 -0.693650 -0.628654
v -1.18721e-16 -0.693650 -0.680450
v 0.260397 -0.693650 -0.628654
v 0.481151 -0.693650 -0.481151
v 0.628654 -0.693650 -0.260397
v 0.375926 -0.904712 -2.77556e-17
v 0.347310 -0.904712 0.143861
v 0.265820 -0.904712 0.265820
v 0.143861 -0.904712 0.347310
v 2.12569e-17 -0.904712 0.375926
v -0.143861 -0.904712 0.347310
v -0.265820 -0.904712 0.265820
v -0.347310 -0.904712 0.143861
v -0.375926 -0.904712 4.68506e-17
v -0.347310 -0.904712 -0.143861
v -0.265820 -0.904712 -0.265820
v -0.143861 -0.904712 -0.347310
v -6.55054e-17 -0.904712 -0.375926
v 0.143861 -0.904712 -0.347310
v 0.265820 -0.904712 -0.265820
v 0.347310 -0.904712 -0.143861
v -1.73472e-18 0.992071 8.67362e-19
v -1.08420e-18 -0.992071 -1.24683e-18
v 0.376451 0.903126 7.48808e-2
v 0.376451 0.903126 -7.48808e-2
v 0.534526 0.815493 -4.16334e-17
v 0.218377 0.955596 -2.08167e-17
v 0.319140 0.903126 0.213243
v 0.493837 0.815493 0.204554
v 0.201754 0.955596 8.35693e-2
v 0.213243 0.903126 0.319140
v 0.377967 0.815493 0.377967
v 0.154416 0.955596 0.154416
v 7.48808e-2 0.903126 0.376451
v 0.204554 0.815493 0.493837
v 8.35693e-2 0.955596 0.201754
v -7.48808e-2 0.903126 0.376451
v 3.46945e-17 0.815493 0.534526
v 1.56125e-17 0.955596 0.218377
v -0.213243 0.903126 0.319140
v -0.204554 0.815493 0.493837
v -8.35693e-2 0.955596 0.201754
v -0.319140 0.903126 0.213243
v -0.377967 0.815493 0.377967
v -0.154416 0.955596 0.154416
v -0.376451 0.903126 7.48808e-2
v -0.493837 0.815493 0.204554
v -0.201754 0.955596 8.35693e-2
v -0.376451 0.903126 -7.48808e-2
v -0.534526 0.815493 6.93889e-17
v -0.218377 0.955596 2.77556e-17
v -0.319140 0.903126 -0.213243
v -0.493837 0.815493 -0.204554
v -0.201754 0.955596 -8.35693e-2
v -0.213243 0.903126 -0.319140
v -0.377967 0.815493 -0.377967
v -0.154416 0.955596 -0.154416
v -7.48808e-2 0.903126 -0.376451
v -0.204554 0.815493 -0.493837
v -8.35693e-2 0.955596 -0.201754
v 7.48808e-2 0.903126 -0.376451
v -1.00614e-16 0.815493 -0.534526
v -4.33681e-17 0.955596 -0.218377
v 0.213243 0.903126 -0.319140
v 0.204554 0.815493 -0.493837
v 8.35693e-2 0.955596 -0.201754
v 0.319140 0.903126 -0.213243
v 0.377967 0.815493 -0.377967
v 0.154416 0.955596 -0.154416
v 0.493837 0.815493 -0.204554
v 0.201754 0.955596 -8.35693e-2
v 0.667250 0.693650 0.132724
v 0.667250 0.693650 -0.132724
v 0.799974 0.544895 -6.93889e-17
v 0.565667 0.693650 0.377967
v 0.739080 0.544895 0.306137
v 0.377967 0.693650 0.565667
v 0.565667 0.544895 0.565667
v 0.132724 0.693650 0.667250
v 0.306137 0.544895 0.739080
v -0.132724 0.693650 0.667250
v 5.55112e-17 0.544895 0.799974
v -0.377967 0.693650 0.565667
v -0.306137 0.544895 0.739080
v -0.565667 0.693650 0.377967
v -0.565667 0.544895 0.565667
v -0.667250 0.693650 0.132724
v -0.739080 0.544895 0.306137
v -0.667250 0.693650 -0.132724
v -0.799974 0.544895 9.71445e-17
v -0.565667 0.693650 -0.377967
v -0.739080 0.544895 -0.306137
v -0.377967 0.693650 -0.565667
v -0.565667 0.544895 -0.565667
v -0.132724 0.693650 -0.667250
v -0.306137 0.544895 -0.739080
v 0.132724 0.693650 -0.667250
v -1.52656e-16 0.544895 -0.799974
v 0.377967 0.693650 -0.565667
v 0.306137 0.544895 -0.739080
v 0.565667 0.693650 -0.377967
v 0.565667 0.544895 -0.565667
v 0.739080 0.544895 -0.306137
v 0.871804 0.375401 0.173413
v 0.871804 0.375401 -0.173413
v 0.943634 0.191342 -6.93889e-17
v 0.739080 0.375401 0.493837
v 0.871804 0.191342 0.361113
v 0.493837 0.375401 0.739080
v 0.667250 0.191342 0.667250
v 0.173413 0.375401 0.871804
v 0.361113 0.191342 0.871804
v -0.173413 0.375401 0.871804
v 6.24500e-17 0.191342 0.943634
v -0.493837 0.375401 0.739080
v -0.361113 0.191342 0.871804
v -0.739080 0.375401 0.493837
v -0.667250 0.191342 0.667250
v -0.871804 0.375401 0.173413
v -0.871804 0.191342 0.361113
v -0.871804 0.375401 -0.173413
v -0.943634 0.191342 1.04083e-16
v -0.739080 0.375401 -0.493837
v -0.871804 0.191342 -0.361113
v -0.493837 0.375401 -0.739080
v -0.667250 0.191342 -0.667250
v -0.173413 0.375401 -0.871804
v -0.361113 0.191342 -0.871804
v 0.173413 0.375401 -0.871804
v -1.80411e-16 0.191342 -0.943634
v 0.493837 0.375401 -0.739080
v 0.361113 0.191342 -0.871804
v 0.739080 0.375401 -0.493837
v 0.667250 0.191342 -0.667250
v 0.871804 0.191342 -0.361113
v 0.943634 6.24500e-17 0.187700
v 0.943634 6.24500e-17 -0.187700
v 0.943634 -0.191342 -6.93889e-17
v 0.799974 6.24500e-17 0.534526
v 0.871804 -0.191342 0.361113
v 0.534526 6.24500e-17 0.799974
v 0.667250 -0.191342 0.667250
v 0.187700 6.24500e-17 0.943634
v 0.361113 -0.191342 0.871804
v -0.187700 6.24500e-17 0.943634
v 6.24500e-17 -0.191342 0.943634
v -0.534526 6.24500e-17 0.799974
v -0.361113 -0.191342 0.871804
v -0.799974 6.24500e-17 0.534526
v -0.667250 -0.191342 0.667250
v -0.943634 6.24500e-17 0.187700
v -0.871804 -0.191342 0.361113
v -0.943634 6.24500e-17 -0.187700
v -0.943634 -0.191342 1.04083e-16
v -0.799974 6.24500e-17 -0.534526
v -0.871804 -0.191342 -0.361113
v -0.534526 6.24500e-17 -0.799974
v -0.667250 -0.191342 -0.667250
v -0.187700 6.24500e-17 -0.943634
v -0.361113 -0.191342 -0.871804
v 0.187700 6.24500e-17 -0.943634
v -1.80411e-16 -0.191342 -0.943634
v 0.534526 6.24500e-17 -0.799974
v 0.361113 -0.191342 -0.871804
v 0.799974 6.24500e-17 -0.534526
v 0.667250 -0.191342 -0.667250
v 0.871804 -0.191342 -0.361113
v 0.871804 -0.375401 0.173413
v 0.871804 -0.375401 -0.173413
v 0.799974 -0.544895 -6.24500e-17
v 0.739080 -0.375401 0.493837
v 0.739080 -0.544895 0.306137
v 0.493837 -0.375401 0.739080
v 0.565667 -0.544895 0.565667
v 0.173413 -0.375401 0.871804
v 0.306137 -0.544895 0.739080
v -0.173413 -0.375401 0.871804
v 4.16334e-17 -0.544895 0.799974
v -0.493837 -0.375401 0.739080
v -0.306137 -0.544895 0.739080
v -0.739080 -0.375401 0.493837
v -0.565667 -0.544895 0.565667
v -0.871804 -0.375401 0.173413
v -0.739080 -0.544895 0.306137
v -0.871804 -0.375401 -0.173413
v -0.799974 -0.544895 9.71445e-17
v -0.739080 -0.375401 -0.493837
v -0.739080 -0.544895 -0.306137
v -0.493837 -0.375401 -0.739080
v -0.565667 -0.544895 -0.565667
v -0.173413 -0.375401 -0.871804
v -0.306137 -0.544895 -0.739080
v 0.173413 -0.375401 -0.871804
v -1.38778e-16 -0.544895 -0.799974
v 0.493837 -0.375401 -0.739080
v 0.306137 -0.544895 -0.739080
v 0.739080 -0.375401 -0.493837
v 0.565667 -0.544895 -0.565667
v 0.739080 -0.544895 -0.306137
v 0.667250 -0.693650 0.132724
v 0.667250 -0.693650 -0.132724
v 0.534526 -0.815493 -4.16334e-17
v 0.565667 -0.693650 0.377967
v 0.493837 -0.815493 0.204554
v 0.377967 -0.693650 0.565667
v 0.377967 -0.815493 0.377967
v 0.132724 -0.693650 0.667250
v 0.204554 -0.815493 0.493837
v -0.132724 -0.693650 0.667250
v 3.12250e-17 -0.815493 0.534526
v -0.377967 -0.693650 0.565667
v -0.204554 -0.815493 0.493837
v -0.565667 -0.693650 0.377967
v -0.377967 -0.815493 0.377967
v -0.667250 -0.693650 0.132724
v -0.493837 -0.815493 0.204554
v -0.667250 -0.693650 -0.132724
v -0.534526 -0.815493 7.28584e-17
v -0.565667 -0.693650 -0.377967
v -0.493837 -0.815493 -0.204554
v -0.377967 -0.693650 -0.565667
v -0.377967 -0.815493 -0.377967
v -0.132724 -0.693650 -0.667250
v -0.204554 -0.815493 -0.493837
v 0.132724 -0.693650 -0.667250
v -9.02056e-17 -0.815493 -0.534526
v 0.377967 -0.693650 -0.565667
v 0.204554 -0.815493 -0.493837
v 0.565667 -0.693650 -0.377967
v 0.377967 -0.815493 -0.377967
v 0.493837 -0.815493 -0.204554
v 0.376451 -0.903126 7.48808e-2
v 0.376451 -0.903126 -7.48808e-2
v 0.218377 -0.955596 -1.73472e-17
v 0.319140 -0.903126 0.213243
v 0.201754 -0.955596 8.35693e-2
v 0.213243 -0.903126 0.319140
v 0.154416 -0.955596 0.154416
v 7.48808e-2 -0.903126 0.376451
v 8.35693e-2 -0.955596 0.201754
v -7.48808e-2 -0.903126 0.376451
v 1.21431e-17 -0.955596 0.218377
v -0.213243 -0.903126 0.319140
v -8.35693e-2 -0.955596 0.201754
v -0.319140 -0.903126 0.213243
v -0.154416 -0.955596 0.154416
v -0.376451 -0.903126 7.48808e-2
v -0.201754 -0.955596 8.35693e-2
v -0.376451 -0.903126 -7.48808e-2
v -0.218377 -0.955596 2.94903e-17
v -0.319140 -0.903126 -0.213243
v -0.201754 -0.955596 -8.35693e-2
v -0.213243 -0.903126 -0.319140
v -0.154416 -0.955596 -0.154416
v -7.48808e-2 -0.903126 -0.376451
v -8.35693e-2 -0.955596 -0.201754
v 7.48808e-2 -0.903126 -0.376451
v -3.98986e-17 -0.955596 -0.218377
v 0.213243 -0.903126 -0.319140
v 8.35693e-2 -0.955596 -0.201754
v 0.319140 -0.903126 -0.213243
v 0.154416 -0.955596 -0.154416
v 0.201754 -0.955596 -8.35693e-2
v 0.245412 0.949253 4.88155e-2
v 0.208050 0.949253 0.139015
v 0.139015 0.949253 0.208050
v 4.88155e-2 0.949253 0.245412
v -4.88155e-2 0.949253 0.245412
v -0.139015 0.949253 0.208050
v -0.208050 0.949253 0.139015
v -0.245412 0.949253 4.88155e-2
v -0.245412 0.949253 -4.88155e-2
v -0.208050 0.949253 -0.139015
v -0.139015 0.949253 -0.208050
v -4.88155e-2 0.949253 -0.245412
v 4.88155e-2 0.949253 -0.245412
v 0.139015 0.949253 -0.208050
v 0.208050 0.949253 -0.139015
v 0.245412 0.949253 -4.88155e-2
v 0.245412 -0.949253 4.88155e-2
v 0.208050 -0.949253 0.139015
v 0.139015 -0.949253 0.208050
v 4.88155e-2 -0.949253 0.245412
v -4.88155e-2 -0.949253 0.245412
v -0.139015 -0.949253 0.208050
v -0.208050 -0.949253 0.139015
v -0.245412 -0.949253 4.88155e-2
v -0.245412 -0.949253 -4.88155e-2
v -0.208050 -0.949253 -0.139015
v -0.139015 -0.949253 -0.208050
v -4.88155e-2 -0.949253 -0.245412
v 4.88155e-2 -0.949253 -0.245412
v 0.139015 -0.949253 -0.208050
v 0.208050 -0.949253 -0.139015
v 0.245412 -0.949253 -4.88155e-2
v 0.524156 0.815493 0.104261
v 0.444358 0.815493 0.296911
v 0.296911 0.815493 0.444358
v 0.104261 0.815493 0.524156
v -0.104261 0.815493 0.524156
v -0.296911 0.815493 0.444358
v -0.444358 0.815493 0.296911
v -0.524156 0.815493 0.104261
v -0.524156 0.815493 -0.104261
v -0.444358 0.815493 -0.296911
v -0.296911 0.815493 -0.444358
v -0.104261 0.815493 -0.524156
v 0.104261 0.815493 -0.524156
v 0.296911 0.815493 -0.444358
v 0.444358 0.815493 -0.296911
v 0.524156 0.815493 -0.104261
v 0.784455 0.544895 0.156038
v 0.665029 0.544895 0.444358
v 0.444358 0.544895 0.665029
v 0.156038 0.544895 0.784455
v -0.156038 0.544895 0.784455
v -0.444358 0.544895 0.665029
v -0.665029 0.544895 0.444358
v -0.784455 0.544895 0.156038
v -0.784455 0.544895 -0.156038
v -0.665029 0.544895 -0.444358
v -0.444358 0.544895 -0.665029
v -0.156038 0.544895 -0.784455
v 0.156038 0.544895 -0.784455
v 0.444358 0.544895 -0.665029
v 0.665029 0.544895 -0.444358
v 0.784455 0.544895 -0.156038
v 0.925328 0.191342 0.184059
v 0.784455 0.191342 0.524156
v 0.524156 0.191342 0.784455
v 0.184059 0.191342 0.925328
v -0.184059 0.191342 0.925328
v -0.524156 0.191342 0.784455
v -0.784455 0.191342 0.524156
v -0.925328 0.191342 0.184059
v -0.925328 0.191342 -0.184059
v -0.784455 0.191342 -0.524156
v -0.524156 0.191342 -0.784455
v -0.184059 0.191342 -0.925328
v 0.184059 0.191342 -0.925328
v 0.524156 0.191342 -0.784455
v 0.784455 0.191342 -0.524156
v 0.925328 0.191342 -0.184059
v 0.925328 -0.191342 0.184059
v 0.784455 -0.191342 0.524156
v 0.524156 -0.191342 0.784455
v 0.184059 -0.191342 0.925328
v -0.184059 -0.191342 0.925328
v -0.524156 -0.191342 0.784455
v -0.784455 -0.191342 0.524156
v -0.925328 -0.191342 0.184059
v -0.925328 -0.191342 -0.184059
v -0.784455 -0.191342 -0.524156
v -0.524156 -0.191342 -0.784455
v -0.184059 -0.191342 -0.925328
v 0.184059 -0.191342 -0.925328
v 0.524156 -0.191342 -0.784455
v 0.784455 -0.191342 -0.524156
v 0.925328 -0.191342 -0.184059
v 0.784455 -0.544895 0.156038
v 0.665029 -0.544895 0.444358
v 0.444358 -0.544895 0.665029
v 0.156038 -0.544895 0.784455
v -0.156038 -0.544895 0.784455
v -0.444358 -0.544895 0.665029
v -0.665029 -0.544895 0.444358
v -0.784455 -0.544895 0.156038
v -0.784455 -0.544895 -0.156038
v -0.665029 -0.544895 -0.444358
v -0.444358 -0.544895 -0.665029
v -0.156038 -0.544895 -0.784455
v 0.156038 -0.544895 -0.784455
v 0.444358 -0.544895 -0.665029
v 0.665029 -0.544895 -0.444358
v 0.784455 -0.544895 -0.156038
v 0.524156 -0.815493 0.104261
v 0.444358 -0.815493 0.296911
v 0.296911 -0.815493 0.444358
v 0.104261 -0.815493 0.524156
v -0.104261 -0.815493 0.524156
v -0.296911 -0.815493 0.444358
v -0.444358 -0.815493 0.296911
v -0.524156 -0.815493 0.104261
v -0.524156 -0.815493 -0.104261
v -0.444358 -0.815493 -0.296911
v -0.296911 -0.815493 -0.444358
v -0.104261 -0.815493 -0.524156
v 0.104261 -0.815493 -0.524156
v 0.296911 -0.815493 -0.444358
v 0.444358 -0.815493 -0.296911
v 0.524156 -0.815493 -0.104261
vn 0.377040 0.926197 -1.39107e-16
vn 0.348340 0.926197 0.144287
vn 0.266608 0.926197 0.266608
vn 0.144287 0.926197 0.348340
vn -4.06575e-18 0.926197 0.377040
vn -0.144287 0.926197 0.348340
vn -0.266608 0.926197 0.266608
vn -0.348340 0.926197 0.144287
vn -0.377040 0.926197 -8.71232e-18
vn -0.348340 0.926197 -0.144287
vn -0.266608 0.926197 -0.266608
vn -0.144287 0.926197 -0.348340
vn -1.51594e-16 0.926197 -0.377040
vn 0.144287 0.926197 -0.348340
vn 0.266608 0.926197 -0.266608
vn 0.348340 0.926197 -0.144287
vn 0.736517 0.676419 -5.47390e-16
vn 0.680453 0.676419 0.281853
vn 0.520797 0.676419 0.520797
vn 0.281853 0.676419 0.680453
vn 0.00000e+0 0.676419 0.736517
vn -0.281853 0.676419 0.680453
vn -0.520797 0.676419 0.520797
vn -0.680453 0.676419 0.281853
vn -0.736517 0.676419 2.32932e-18
vn -0.680453 0.676419 -0.281853
vn -0.520797 0.676419 -0.520797
vn -0.281853 0.676419 -0.680453
vn -2.32932e-18 0.676419 -0.736517
vn 0.281853 0.676419 -0.680453
vn 0.520797 0.676419 -0.520797
vn 0.680453 0.676419 -0.281853
vn 0.938194 0.346109 -1.58634e-16
vn 0.866779 0.346109 0.359031
vn 0.663404 0.346109 0.663404
vn 0.359031 0.346109 0.866779
vn -2.33285e-18 0.346109 0.938194
vn -0.359031 0.346109 0.866779
vn -0.663404 0.346109 0.663404
vn -0.866779 0.346109 0.359031
vn -0.938194 0.346109 1.00312e-16
vn -0.866779 0.346109 -0.359031
vn -0.663404 0.346109 -0.663404
vn -0.359031 0.346109 -0.866779
vn -4.66570e-18 0.346109 -0.938194
vn 0.359031 0.346109 -0.866779
vn 0.663404 0.346109 -0.663404
vn 0.866779 0.346109 -0.359031
vn 1.00000 0.00000e+0 4.55384e-17
vn 0.923880 -1.05089e-17 0.382683
vn 0.707107 0.00000e+0 0.707107
vn 0.382683 4.90414e-17 0.923880
vn 0.00000e+0 -7.00591e-18 1.00000
vn -0.382683 -1.05089e-17 0.923880
vn -0.707107 0.00000e+0 0.707107
vn -0.923880 -1.75148e-17 0.382683
vn -1.00000 2.80237e-16 5.81491e-16
vn -0.923880 -7.00591e-18 -0.382683
vn -0.707107 -3.50296e-18 -0.707107
vn -0.382683 -7.00591e-18 -0.923880
vn -3.50296e-18 -7.00591e-18 -1.00000
vn 0.382683 -5.39455e-16 -0.923880
vn 0.707107 -1.05089e-17 -0.707107
vn 0.923880 -7.00591e-18 -0.382683
vn 0.938194 -0.346109 3.96584e-17
vn 0.866779 -0.346109 0.359031
vn 0.663404 -0.346109 0.663404
vn 0.359031 -0.346109 0.866779
vn -4.66570e-18 -0.346109 0.938194
vn -0.359031 -0.346109 0.866779
vn -0.663404 -0.346109 0.663404
vn -0.866779 -0.346109 0.359031
vn -0.938194 -0.346109 3.91918e-16
vn -0.866779 -0.346109 -0.359031
vn -0.663404 -0.346109 -0.663404
vn -0.359031 -0.346109 -0.866779
vn 1.00312e-16 -0.346109 -0.938194
vn 0.359031 -0.346109 -0.866779
vn 0.663404 -0.346109 -0.663404
vn 0.866779 -0.346109 -0.359031
vn 0.736517 -0.676419 -5.59036e-17
vn 0.680453 -0.676419 0.281853
vn 0.520797 -0.676419 0.520797
vn 0.281853 -0.676419 0.680453
vn 6.98795e-18 -0.676419 0.736517
vn -0.281853 -0.676419 0.680453
vn -0.520797 -0.676419 0.520797
vn -0.680453 -0.676419 0.281853
vn -0.736517 -0.676419 2.00321e-16
vn -0.680453 -0.676419 -0.281853
vn -0.520797 -0.676419 -0.520797
vn -0.281853 -0.676419 -0.680453
vn -9.08434e-17 -0.676419 -0.736517
vn 0.281853 -0.676419 -0.680453
vn 0.520797 -0.676419 -0.520797
vn 0.680453 -0.676419 -0.281853
vn 0.377040 -0.926197 -3.19452e-17
vn 0.348340 -0.926197 0.144287
vn 0.266608 -0.926197 0.266608
vn 0.144287 -0.926197 0.348340
vn -1.09194e-16 -0.926197 0.377040
vn -0.144287 -0.926197 0.348340
vn -0.266608 -0.926197 0.266608
vn -0.348340 -0.926197 0.144287
vn -0.377040 -0.926197 -4.64657e-18
vn -0.348340 -0.926197 -0.144287
vn -0.266608 -0.926197 -0.266608
vn -0.144287 -0.926197 -0.348340
vn -2.67178e-17 -0.926197 -0.377040
vn 0.144287 -0.926197 -0.348340
vn 0.266608 -0.926197 -0.266608
vn 0.348340 -0.926197 -0.144287
vn -1.40776e-17 1.00000 8.79849e-19
vn -3.51940e-18 -1.00000 7.91864e-18
vn 0.431396 0.898072 8.58101e-2
vn 0.431396 0.898072 -8.58101e-2
vn 0.570921 0.821005 -3.40050e-16
vn 0.214546 0.976714 -4.75603e-17
vn 0.365720 0.898072 0.244366
vn 0.527462 0.821005 0.218482
vn 0.198214 0.976714 8.21030e-2
vn 0.244366 0.898072 0.365720
vn 0.403702 0.821005 0.403702
vn 0.151707 0.976714 0.151707
vn 8.58101e-2 0.898072 0.431396
vn 0.218482 0.821005 0.527462
vn 8.21030e-2 0.976714 0.198214
vn -8.58101e-2 0.898072 0.431396
vn -6.97539e-18 0.821005 0.570921
vn 2.32001e-18 0.976714 0.214546
vn -0.244366 0.898072 0.365720
vn -0.218482 0.821005 0.527462
vn -8.21030e-2 0.976714 0.198214
vn -0.365720 0.898072 0.244366
vn -0.403702 0.821005 0.403702
vn -0.151707 0.976714 0.151707
vn -0.431396 0.898072 8.58101e-2
vn -0.527462 0.821005 0.218482
vn -0.198214 0.976714 8.21030e-2
vn -0.431396 0.898072 -8.58101e-2
vn -0.570921 0.821005 -6.97539e-18
vn -0.214546 0.976714 4.64003e-18
vn -0.365720 0.898072 -0.244366
vn -0.527462 0.821005 -0.218482
vn -0.198214 0.976714 -8.21030e-2
vn -0.244366 0.898072 -0.365720
vn -0.403702 0.821005 -0.403702
vn -0.151707 0.976714 -0.151707
vn -8.58101e-2 0.898072 -0.431396
vn -0.218482 0.821005 -0.527462
vn -8.21030e-2 0.976714 -0.198214
vn 8.58101e-2 0.898072 -0.431396
vn -2.11006e-16 0.821005 -0.570921
vn -5.22003e-17 0.976714 -0.214546
vn 0.244366 0.898072 -0.365720
vn 0.218482 0.821005 -0.527462
vn 8.21030e-2 0.976714 -0.198214
vn 0.365720 0.898072 -0.244366
vn 0.403702 0.821005 -0.403702
vn 0.151707 0.976714 -0.151707
vn 0.527462 0.821005 -0.218482
vn 0.198214 0.976714 -8.21030e-2
vn 0.676915 0.723641 0.134647
vn 0.676915 0.723641 -0.134647
vn 0.853488 0.521112 -4.42867e-16
vn 0.573861 0.723641 0.383442
vn 0.788520 0.521112 0.326616
vn 0.383442 0.723641 0.573861
vn 0.603507 0.521112 0.603507
vn 0.134647 0.723641 0.676915
vn 0.326616 0.521112 0.788520
vn -0.134647 0.723641 0.676915
vn -2.33088e-18 0.521112 0.853488
vn -0.383442 0.723641 0.573861
vn -0.326616 0.521112 0.788520
vn -0.573861 0.723641 0.383442
vn -0.603507 0.521112 0.603507
vn -0.676915 0.723641 0.134647
vn -0.788520 0.521112 0.326616
vn -0.676915 0.723641 -0.134647
vn -0.853488 0.521112 -2.33088e-18
vn -0.573861 0.723641 -0.383442
vn -0.788520 0.521112 -0.326616
vn -0.383442 0.723641 -0.573861
vn -0.603507 0.521112 -0.603507
vn -0.134647 0.723641 -0.676915
vn -0.326616 0.521112 -0.788520
vn 0.134647 0.723641 -0.676915
vn 0.00000e+0 0.521112 -0.853488
vn 0.383442 0.723641 -0.573861
vn 0.326616 0.521112 -0.788520
vn 0.573861 0.723641 -0.383442
vn 0.603507 0.521112 -0.603507
vn 0.788520 0.521112 -0.326616
vn 0.896051 0.406601 0.178236
vn 0.896051 0.406601 -0.178236
vn 0.987090 0.160169 4.20021e-17
vn 0.759635 0.406601 0.507572
vn 0.911952 0.160169 0.377743
vn 0.507572 0.406601 0.759635
vn 0.697978 0.160169 0.697978
vn 0.178236 0.406601 0.896051
vn 0.377743 0.160169 0.911952
vn -0.178236 0.406601 0.896051
vn -4.66690e-18 0.160169 0.987090
vn -0.507572 0.406601 0.759635
vn -0.377743 0.160169 0.911952
vn -0.759635 0.406601 0.507572
vn -0.697978 0.160169 0.697978
vn -0.896051 0.406601 0.178236
vn -0.911952 0.160169 0.377743
vn -0.896051 0.406601 -0.178236
vn -0.987090 0.160169 3.94353e-16
vn -0.759635 0.406601 -0.507572
vn -0.911952 0.160169 -0.377743
vn -0.507572 0.406601 -0.759635
vn -0.697978 0.160169 -0.697978
vn -0.178236 0.406601 -0.896051
vn -0.377743 0.160169 -0.911952
vn 0.178236 0.406601 -0.896051
vn 2.33345e-18 0.160169 -0.987090
vn 0.507572 0.406601 -0.759635
vn 0.377743 0.160169 -0.911952
vn 0.759635 0.406601 -0.507572
vn 0.697978 0.160169 -0.697978
vn 0.911952 0.160169 -0.377743
vn 0.980785 -5.25345e-18 0.195090
vn 0.980785 -8.75574e-18 -0.195090
vn 0.987090 -0.160169 4.43356e-17
vn 0.831470 -7.00459e-18 0.555570
vn 0.911952 -0.160169 0.377743
vn 0.555570 9.28109e-17 0.831470
vn 0.697978 -0.160169 0.697978
vn 0.195090 1.75115e-18 0.980785
vn 0.377743 -0.160169 0.911952
vn -0.195090 -1.05069e-17 0.980785
vn -4.66690e-18 -0.160169 0.987090
vn -0.555570 -1.75115e-18 0.831470
vn -0.377743 -0.160169 0.911952
vn -0.831470 -8.75574e-18 0.555570
vn -0.697978 -0.160169 0.697978
vn -0.980785 5.77879e-17 0.195090
vn -0.911952 -0.160169 0.377743
vn -0.980785 2.04884e-16 -0.195090
vn -0.987090 -0.160169 5.92697e-16
vn -0.831470 -1.05069e-17 -0.555570
vn -0.911952 -0.160169 -0.377743
vn -0.555570 0.00000e+0 -0.831470
vn -0.697978 -0.160169 -0.697978
vn -0.195090 -3.50230e-18 -0.980785
vn -0.377743 -0.160169 -0.911952
vn 0.195090 -2.80184e-16 -0.980785
vn 1.91343e-16 -0.160169 -0.987090
vn 0.555570 -2.62672e-16 -0.831470
vn 0.377743 -0.160169 -0.911952
vn 0.831470 -1.05069e-17 -0.555570
vn 0.697978 -0.160169 -0.697978
vn 0.911952 -0.160169 -0.377743
vn 0.896051 -0.406601 0.178236
vn 0.896051 -0.406601 -0.178236
vn 0.853488 -0.521112 -1.67823e-16
vn 0.759635 -0.406601 0.507572
vn 0.788520 -0.521112 0.326616
vn 0.507572 -0.406601 0.759635
vn 0.603507 -0.521112 0.603507
vn 0.178236 -0.406601 0.896051
vn 0.326616 -0.521112 0.788520
vn -0.178236 -0.406601 0.896051
vn 9.32353e-18 -0.521112 0.853488
vn -0.507572 -0.406601 0.759635
vn -0.326616 -0.521112 0.788520
vn -0.759635 -0.406601 0.507572
vn -0.603507 -0.521112 0.603507
vn -0.896051 -0.406601 0.178236
vn -0.788520 -0.521112 0.326616
vn -0.896051 -0.406601 -0.178236
vn -0.853488 -0.521112 1.00228e-16
vn -0.759635 -0.406601 -0.507572
vn -0.788520 -0.521112 -0.326616
vn -0.507572 -0.406601 -0.759635
vn -0.603507 -0.521112 -0.603507
vn -0.178236 -0.406601 -0.896051
vn -0.326616 -0.521112 -0.788520
vn 0.178236 -0.406601 -0.896051
vn -2.02787e-16 -0.521112 -0.853488
vn 0.507572 -0.406601 -0.759635
vn 0.326616 -0.521112 -0.788520
vn 0.759635 -0.406601 -0.507572
vn 0.603507 -0.521112 -0.603507
vn 0.788520 -0.521112 -0.326616
vn 0.676915 -0.723641 0.134647
vn 0.676915 -0.723641 -0.134647
vn 0.570921 -0.821005 6.53943e-18
vn 0.573861 -0.723641 0.383442
vn 0.527462 -0.821005 0.218482
vn 0.383442 -0.723641 0.573861
vn 0.403702 -0.821005 0.403702
vn 0.134647 -0.723641 0.676915
vn 0.218482 -0.821005 0.527462
vn -0.134647 -0.723641 0.676915
vn -1.90079e-16 -0.821005 0.570921
vn -0.383442 -0.723641 0.573861
vn -0.218482 -0.821005 0.527462
vn -0.573861 -0.723641 0.383442
vn -0.403702 -0.821005 0.403702
vn -0.676915 -0.723641 0.134647
vn -0.527462 -0.821005 0.218482
vn -0.676915 -0.723641 -0.134647
vn -0.570921 -0.821005 7.93450e-17
vn -0.573861 -0.723641 -0.383442
vn -0.527462 -0.821005 -0.218482
vn -0.383442 -0.723641 -0.573861
vn -0.403702 -0.821005 -0.403702
vn -0.134647 -0.723641 -0.676915
vn -0.218482 -0.821005 -0.527462
vn 0.134647 -0.723641 -0.676915
vn -1.48227e-17 -0.821005 -0.570921
vn 0.383442 -0.723641 -0.573861
vn 0.218482 -0.821005 -0.527462
vn 0.573861 -0.723641 -0.383442
vn 0.403702 -0.821005 -0.403702
vn 0.527462 -0.821005 -0.218482
vn 0.431396 -0.898072 8.58101e-2
vn 0.431396 -0.898072 -8.58101e-2
vn 0.214546 -0.976714 -4.40803e-17
vn 0.365720 -0.898072 0.244366
vn 0.198214 -0.976714 8.21030e-2
vn 0.244366 -0.898072 0.365720
vn 0.151707 -0.976714 0.151707
vn 8.58101e-2 -0.898072 0.431396
vn 8.21030e-2 -0.976714 0.198214
vn -8.58101e-2 -0.898072 0.431396
vn 0.00000e+0 -0.976714 0.214546
vn -0.244366 -0.898072 0.365720
vn -8.21030e-2 -0.976714 0.198214
vn -0.365720 -0.898072 0.244366
vn -0.151707 -0.976714 0.151707
vn -0.431396 -0.898072 8.58101e-2
vn -0.198214 -0.976714 8.21030e-2
vn -0.431396 -0.898072 -8.58101e-2
vn -0.214546 -0.976714 1.39201e-17
vn -0.365720 -0.898072 -0.244366
vn -0.198214 -0.976714 -8.21030e-2
vn -0.244366 -0.898072 -0.365720
vn -0.151707 -0.976714 -0.151707
vn -8.58101e-2 -0.898072 -0.431396
vn -8.21030e-2 -0.976714 -0.198214
vn 8.58101e-2 -0.898072 -0.431396
vn -5.22003e-17 -0.976714 -0.214546
vn 0.244366 -0.898072 -0.365720
vn 8.21030e-2 -0.976714 -0.198214
vn 0.365720 -0.898072 -0.244366
vn 0.151707 -0.976714 -0.151707
vn 0.198214 -0.976714 -8.21030e-2
vn 0.277678 0.959085 5.52335e-2
vn 0.235404 0.959085 0.157292
vn 0.157292 0.959085 0.235404
vn 5.52335e-2 0.959085 0.277678
vn -5.52335e-2 0.959085 0.277678
vn -0.157292 0.959085 0.235404
vn -0.235404 0.959085 0.157292
vn -0.277678 0.959085 5.52335e-2
vn -0.277678 0.959085 -5.52335e-2
vn -0.235404 0.959085 -0.157292
vn -0.157292 0.959085 -0.235404
vn -5.52335e-2 0.959085 -0.277678
vn 5.52335e-2 0.959085 -0.277678
vn 0.157292 0.959085 -0.235404
vn 0.235404 0.959085 -0.157292
vn 0.277678 0.959085 -5.52335e-2
vn 0.277678 -0.959085 5.52335e-2
vn 0.235404 -0.959085 0.157292
vn 0.157292 -0.959085 0.235404
vn 5.52335e-2 -0.959085 0.277678
vn -5.52335e-2 -0.959085 0.277678
vn -0.157292 -0.959085 0.235404
vn -0.235404 -0.959085 0.157292
vn -0.277678 -0.959085 5.52335e-2
vn -0.277678 -0.959085 -5.52335e-2
vn -0.235404 -0.959085 -0.157292
vn -0.157292 -0.959085 -0.235404
vn -5.52335e-2 -0.959085 -0.277678
vn 5.52335e-2 -0.959085 -0.277678
vn 0.157292 -0.959085 -0.235404
vn 0.235404 -0.959085 -0.157292
vn 0.277678 -0.959085 -5.52335e-2
vn 0.562959 0.818863 0.111980
vn 0.477254 0.818863 0.318891
vn 0.318891 0.818863 0.477254
vn 0.111980 0.818863 0.562959
vn -0.111980 0.818863 0.562959
vn -0.318891 0.818863 0.477254
vn -0.477254 0.818863 0.318891
vn -0.562959 0.818863 0.111980
vn -0.562959 0.818863 -0.111980
vn -0.477254 0.818863 -0.318891
vn -0.318891 0.818863 -0.477254
vn -0.111980 0.818863 -0.562959
vn 0.111980 0.818863 -0.562959
vn 0.318891 0.818863 -0.477254
vn 0.477254 0.818863 -0.318891
vn 0.562959 0.818863 -0.111980
vn 0.802450 0.574975 0.159617
vn 0.680284 0.574975 0.454551
vn 0.454551 0.574975 0.680284
vn 0.159617 0.574975 0.802450
vn -0.159617 0.574975 0.802450
vn -0.454551 0.574975 0.680284
vn -0.680284 0.574975 0.454551
vn -0.802450 0.574975 0.159617
vn -0.802450 0.574975 -0.159617
vn -0.680284 0.574975 -0.454551
vn -0.454551 0.574975 -0.680284
vn -0.159617 0.574975 -0.802450
vn 0.159617 0.574975 -0.802450
vn 0.454551 0.574975 -0.680284
vn 0.680284 0.574975 -0.454551
vn 0.802450 0.574975 -0.159617
vn 0.956135 0.222786 0.190187
vn 0.810573 0.222786 0.541607
vn 0.541607 0.222786 0.810573
vn 0.190187 0.222786 0.956135
vn -0.190187 0.222786 0.956135
vn -0.541607 0.222786 0.810573
vn -0.810573 0.222786 0.541607
vn -0.956135 0.222786 0.190187
vn -0.956135 0.222786 -0.190187
vn -0.810573 0.222786 -0.541607
vn -0.541607 0.222786 -0.810573
vn -0.190187 0.222786 -0.956135
vn 0.190187 0.222786 -0.956135
vn 0.541607 0.222786 -0.810573
vn 0.810573 0.222786 -0.541607
vn 0.956135 0.222786 -0.190187
vn 0.956135 -0.222786 0.190187
vn 0.810573 -0.222786 0.541607
vn 0.541607 -0.222786 0.810573
vn 0.190187 -0.222786 0.956135
vn -0.190187 -0.222786 0.956135
vn -0.541607 -0.222786 0.810573
vn -0.810573 -0.222786 0.541607
vn -0.956135 -0.222786 0.190187
vn -0.956135 -0.222786 -0.190187
vn -0.810573 -0.222786 -0.541607
vn -0.541607 -0.222786 -0.810573
vn -0.190187 -0.222786 -0.956135
vn 0.190187 -0.222786 -0.956135
vn 0.541607 -0.222786 -0.810573
vn 0.810573 -0.222786 -0.541607
vn 0.956135 -0.222786 -0.190187
vn 0.802450 -0.574975 0.159617
vn 0.680284 -0.574975 0.454551
vn 0.454551 -0.574975 0.680284
vn 0.159617 -0.574975 0.802450
vn -0.159617 -0.574975 0.802450
vn -0.454551 -0.574975 0.680284
vn -0.680284 -0.574975 0.454551
vn -0.802450 -0.574975 0.159617
vn -0.802450 -0.574975 -0.159617
vn -0.680284 -0.574975 -0.454551
vn -0.454551 -0.574975 -0.680284
vn -0.159617 -0.574975 -0.802450
vn 0.159617 -0.574975 -0.802450
vn 0.454551 -0.574975 -0.680284
vn 0.680284 -0.574975 -0.454551
vn 0.802450 -0.574975 -0.159617
vn 0.562959 -0.818863 0.111980
vn 0.477254 -0.818863 0.318891
vn 0.318891 -0.818863 0.477254
vn 0.111980 -0.818863 0.562959
vn -0.111980 -0.818863 0.562959
vn -0.318891 -0.818863 0.477254
vn -0.477254 -0.818863 0.318891
vn -0.562959 -0.818863 0.111980
vn -0.562959 -0.818863 -0.111980
vn -0.477254 -0.818863 -0.318891
vn -0.318891 -0.818863 -0.477254
vn -0.111980 -0.818863 -0.562959
vn 0.111980 -0.818863 -0.562959
vn 0.318891 -0.818863 -0.477254
vn 0.477254 -0.818863 -0.318891
vn 0.562959 -0.818863 -0.111980
f 1 370 116 402 117 115
f 1 117 115 2 355 118
f 1 355 118 162 370 116
f 2 356 121 118 355 115
f 2 120 119 3 356 121
f 3 357 124 121 356 119
f 3 123 122 4 357 124
f 4 358 127 124 357 122
f 4 126 125 5 358 127
f 5 359 130 127 358 125
f 5 129 128 6 359 130
f 6 360 133 130 359 128
f 6 132 131 7 360 133
f 7 361 136 133 360 131
f 7 135 134 8 361 136
f 8 362 139 136 361 134
f 8 138 137 9 362 139
f 9 363 142 139 362 137
f 9 141 140 10 363 142
f 10 364 145 142 363 140
f 10 144 143 11 364 145
f 11 365 148 145 364 143
f 11 147 146 12 365 148
f 12 366 151 148 365 146
f 12 150 149 13 366 151
f 13 367 154 151 366 149
f 13 153 152 14 367 154
f 14 368 157 154 367 152
f 14 156 155 15 368 157
f 15 369 160 157 368 155
f 15 159 158 16 369 160
f 16 158 161 402 116 370
f 16 370 162 160 369 158
f 16 161 116 1 370 162
f 17 403 163 387 117 164
f 17 418 165 195 403 163
f 17 117 164 32 418 165
f 18 404 166 388 120 163
f 18 166 120 387 163 403
f 18 120 163 17 403 167
f 18 403 167 198 404 166
f 19 405 168 389 123 166
f 19 168 123 388 166 404
f 19 123 166 18 404 169
f 19 404 169 200 405 168
f 20 406 170 390 126 168
f 20 170 126 389 168 405
f 20 126 168 19 405 171
f 20 405 171 202 406 170
f 21 407 172 391 129 170
f 21 172 129 390 170 406
f 21 129 170 20 406 173
f 21 406 173 204 407 172
f 22 408 174 392 132 172
f 22 174 132 391 172 407
f 22 132 172 21 407 175
f 22 407 175 206 408 174
f 23 409 176 393 135 174
f 23 176 135 392 174 408
f 23 135 174 22 408 177
f 23 408 177 208 409 176
f 24 410 178 394 138 176
f 24 178 138 393 176 409
f 24 138 176 23 409 179
f 24 409 179 210 410 178
f 25 411 180 395 141 178
f 25 180 141 394 178 410
f 25 141 178 24 410 181
f 25 410 181 212 411 180
f 26 412 182 396 144 180
f 26 182 144 395 180 411
f 26 144 180 25 411 183
f 26 411 183 214 412 182
f 27 413 184 397 147 182
f 27 184 147 396 182 412
f 27 147 182 26 412 185
f 27 412 185 216 413 184
f 28 414 186 398 150 184
f 28 186 150 397 184 413
f 28 150 184 27 413 187
f 28 413 187 218 414 186
f 29 415 188 399 153 186
f 29 188 153 398 186 414
f 29 153 186 28 414 189
f 29 414 189 220 415 188
f 30 416 190 400 156 188
f 30 190 156 399 188 415
f 30 156 188 29 415 191
f 30 415 191 222 416 190
f 31 417 192 401 159 190
f 31 192 159 400 190 416
f 31 159 190 30 416 193
f 31 416 193 224 417 192
f 32 164 161 401 192 417
f 32 161 192 31 417 194
f 32 417 194 196 418 164
f 33 419 195 403 165 196
f 33 434 197 227 419 195
f 33 165 196 48 434 197
f 34 420 198 404 167 195
f 34 198 167 403 195 419
f 34 167 195 33 419 199
f 34 419 199 230 420 198
f 35 421 200 405 169 198
f 35 200 169 404 198 420
f 35 169 198 34 420 201
f 35 420 201 232 421 200
f 36 422 202 406 171 200
f 36 202 171 405 200 421
f 36 171 200 35 421 203
f 36 421 203 234 422 202
f 37 423 204 407 173 202
f 37 204 173 406 202 422
f 37 173 202 36 422 205
f 37 422 205 236 423 204
f 38 424 206 408 175 204
f 38 206 175 407 204 423
f 38 175 204 37 423 207
f 38 423 207 238 424 206
f 39 425 208 409 177 206
f 39 208 177 408 206 424
f 39 177 206 38 424 209
f 39 424 209 240 425 208
f 40 426 210 410 179 208
f 40 210 179 409 208 425
f 40 179 208 39 425 211
f 40 425 211 242 426 210
f 41 427 212 411 181 210
f 41 212 181 410 210 426
f 41 181 210 40 426 213
f 41 426 213 244 427 212
f 42 428 214 412 183 212
f 42 214 183 411 212 427
f 42 183 212 41 427 215
f 42 427 215 246 428 214
f 43 429 216 413 185 214
f 43 216 185 412 214 428
f 43 185 214 42 428 217
f 43 428 217 248 429 216
f 44 430 218 414 187 216
f 44 218 187 413 216 429
f 44 187 216 43 429 219
f 44 429 219 250 430 218
f 45 431 220 415 189 218
f 45 220 189 414 218 430
f 45 189 218 44 430 221
f 45 430 221 252 431 220
f 46 432 222 416 191 220
f 46 222 191 415 220 431
f 46 191 220 45 431 223
f 46 431 223 254 432 222
f 47 433 224 417 193 222
f 47 224 193 416 222 432
f 47 193 222 46 432 225
f 47 432 225 256 433 224
f 48 196 194 417 224 433
f 48 194 224 47 433 226
f 48 433 226 228 434 196
f 49 229 227 419 197 228
f 49 197 228 450 229 227
f 50 231 230 420 199 227
f 50 230 199 419 227 231
f 51 233 232 421 201 230
f 51 232 201 420 230 233
f 52 235 234 422 203 232
f 52 234 203 421 232 235
f 53 237 236 423 205 234
f 53 236 205 422 234 237
f 54 239 238 424 207 236
f 54 238 207 423 236 239
f 55 241 240 425 209 238
f 55 240 209 424 238 241
f 56 243 242 426 211 240
f 56 242 211 425 240 243
f 57 245 244 427 213 242
f 57 244 213 426 242 245
f 58 247 246 428 215 244
f 58 246 215 427 244 247
f 59 249 248 429 217 246
f 59 248 217 428 246 249
f 60 251 250 430 219 248
f 60 250 219 429 248 251
f 61 253 252 431 221 250
f 61 252 221 430 250 253
f 62 255 254 432 223 252
f 62 254 223 431 252 255
f 63 257 256 433 225 254
f 63 256 225 432 254 257
f 64 256 258 450 228 226
f 64 228 226 433 256 258
f 65 450 260 466 261 259
f 65 261 259 66 435 229
f 65 435 229 228 450 260
f 66 436 231 227 435 259
f 66 263 262 67 436 231
f 67 437 233 230 436 262
f 67 265 264 68 437 233
f 68 438 235 232 437 264
f 68 267 266 69 438 235
f 69 439 237 234 438 266
f 69 269 268 70 439 237
f 70 440 239 236 439 268
f 70 271 270 71 440 239
f 71 441 241 238 440 270
f 71 273 272 72 441 241
f 72 442 243 240 441 272
f 72 275 274 73 442 243
f 73 443 245 242 442 274
f 73 277 276 74 443 245
f 74 444 247 244 443 276
f 74 279 278 75 444 247
f 75 445 249 246 444 278
f 75 281 280 76 445 249
f 76 446 251 248 445 280
f 76 283 282 77 446 251
f 77 447 253 250 446 282
f 77 285 284 78 447 253
f 78 448 255 252 447 284
f 78 287 286 79 448 255
f 79 449 257 254 448 286
f 79 289 288 80 449 257
f 80 288 290 466 260 450
f 80 450 258 256 449 288
f 80 290 260 65 450 258
f 81 466 292 482 293 291
f 81 293 291 82 451 261
f 81 451 261 260 466 292
f 82 452 263 259 451 291
f 82 295 294 83 452 263
f 83 453 265 262 452 294
f 83 297 296 84 453 265
f 84 454 267 264 453 296
f 84 299 298 85 454 267
f 85 455 269 266 454 298
f 85 301 300 86 455 269
f 86 456 271 268 455 300
f 86 303 302 87 456 271
f 87 457 273 270 456 302
f 87 305 304 88 457 273
f 88 458 275 272 457 304
f 88 307 306 89 458 275
f 89 459 277 274 458 306
f 89 309 308 90 459 277
f 90 460 279 276 459 308
f 90 311 310 91 460 279
f 91 461 281 278 460 310
f 91 313 312 92 461 281
f 92 462 283 280 461 312
f 92 315 314 93 462 283
f 93 463 285 282 462 314
f 93 317 316 94 463 285
f 94 464 287 284 463 316
f 94 319 318 95 464 287
f 95 465 289 286 464 318
f 95 321 320 96 465 289
f 96 320 322 482 292 466
f 96 466 290 288 465 320
f 96 322 292 81 466 290
f 97 371 323 467 293 324
f 97 386 325 327 371 323
f 97 293 324 112 386 325
f 98 372 326 468 295 323
f 98 326 295 467 323 371
f 98 295 323 97 371 327
f 98 371 327 329 372 326
f 99 373 328 469 297 326
f 99 328 297 468 326 372
f 99 297 326 98 372 329
f 99 372 329 331 373 328
f 100 374 330 470 299 328
f 100 330 299 469 328 373
f 100 299 328 99 373 331
f 100 373 331 333 374 330
f 101 375 332 471 301 330
f 101 332 301 470 330 374
f 101 301 330 100 374 333
f 101 374 333 335 375 332
f 102 376 334 472 303 332
f 102 334 303 471 332 375
f 102 303 332 101 375 335
f 102 375 335 337 376 334
f 103 377 336 473 305 334
f 103 336 305 472 334 376
f 103 305 334 102 376 337
f 103 376 337 339 377 336
f 104 378 338 474 307 336
f 104 338 307 473 336 377
f 104 307 336 103 377 339
f 104 377 339 341 378 338
f 105 379 340 475 309 338
f 105 340 309 474 338 378
f 105 309 338 104 378 341
f 105 378 341 343 379 340
f 106 380 342 476 311 340
f 106 342 311 475 340 379
f 106 311 340 105 379 343
f 106 379 343 345 380 342
f 107 381 344 477 313 342
f 107 344 313 476 342 380
f 107 313 342 106 380 345
f 107 380 345 347 381 344
f 108 382 346 478 315 344
f 108 346 315 477 344 381
f 108 315 344 107 381 347
f 108 381 347 349 382 346
f 109 383 348 479 317 346
f 109 348 317 478 346 382
f 109 317 346 108 382 349
f 109 382 349 351 383 348
f 110 384 350 480 319 348
f 110 350 319 479 348 383
f 110 319 348 109 383 351
f 110 383 351 353 384 350
f 111 385 352 481 321 350
f 111 352 321 480 350 384
f 111 321 350 110 384 353
f 111 384 353 354 385 352
f 112 324 322 481 352 385
f 112 322 352 111 385 354
f 112 385 354 325 386 324
f 113 162 118 355 121 124
f 113 118 121 356 124 127
f 113 121 124 357 127 130
f 113 124 127 358 130 133
f 113 127 130 359 133 136
f 113 130 133 360 136 139
f 113 133 136 361 139 142
f 113 136 139 362 142 145
f 113 139 142 363 145 148
f 113 142 145 364 148 151
f 113 145 148 365 151 154
f 113 148 151 366 154 157
f 113 151 154 367 157 160
f 113 154 157 368 160 162
f 113 157 160 369 162 118
f 114 327 325 386 354 353
f 115 355 1 116 117 387
f 115 120 2 121 355 1
f 116 117 1 118 370 16
f 117 116 402 161 164 17
f 118 1 355 2 121 113
f 118 121 113 160 162 370
f 118 370 1 115 355 121
f 119 356 2 115 120 388
f 119 123 3 124 356 2
f 120 119 2 355 115 387
f 120 115 387 117 163 18
f 121 2 356 3 124 113
f 121 355 2 119 356 124
f 122 357 3 119 123 389
f 122 126 4 127 357 3
f 123 122 3 356 119 388
f 123 119 388 120 166 19
f 124 3 357 4 127 113
f 124 356 3 122 357 127
f 125 358 4 122 126 390
f 125 129 5 130 358 4
f 126 125 4 357 122 389
f 126 122 389 123 168 20
f 127 4 358 5 130 113
f 127 357 4 125 358 130
f 128 359 5 125 129 391
f 128 132 6 133 359 5
f 129 128 5 358 125 390
f 129 125 390 126 170 21
f 130 5 359 6 133 113
f 130 358 5 128 359 133
f 131 360 6 128 132 392
f 131 135 7 136 360 6
f 132 131 6 359 128 391
f 132 128 391 129 172 22
f 133 6 360 7 136 113
f 133 359 6 131 360 136
f 134 361 7 131 135 393
f 134 138 8 139 361 7
f 135 134 7 360 131 392
f 135 131 392 132 174 23
f 136 7 361 8 139 113
f 136 360 7 134 361 139
f 137 362 8 134 138 394
f 137 141 9 142 362 8
f 138 137 8 361 134 393
f 138 134 393 135 176 24
f 139 8 362 9 142 113
f 139 361 8 137 362 142
f 140 363 9 137 141 395
f 140 144 10 145 363 9
f 141 140 9 362 137 394
f 141 137 394 138 178 25
f 142 9 363 10 145 113
f 142 362 9 140 363 145
f 143 364 10 140 144 396
f 143 147 11 148 364 10
f 144 143 10 363 140 395
f 144 140 395 141 180 26
f 145 10 364 11 148 113
f 145 363 10 143 364 148
f 146 365 11 143 147 397
f 146 150 12 151 365 11
f 147 146 11 364 143 396
f 147 143 396 144 182 27
f 148 11 365 12 151 113
f 148 364 11 146 365 151
f 149 366 12 146 150 398
f 149 153 13 154 366 12
f 150 149 12 365 146 397
f 150 146 397 147 184 28
f 151 12 366 13 154 113
f 151 365 12 149 366 154
f 152 367 13 149 153 399
f 152 156 14 157 367 13
f 153 152 13 366 149 398
f 153 149 398 150 186 29
f 154 13 367 14 157 113
f 154 366 13 152 367 157
f 155 368 14 152 156 400
f 155 159 15 160 368 14
f 156 155 14 367 152 399
f 156 152 399 153 188 30
f 157 14 368 15 160 113
f 157 367 14 155 368 160
f 158 369 15 155 159 401
f 158 161 16 162 369 15
f 159 158 15 368 155 400
f 159 155 400 156 190 31
f 160 15 369 16 162 113
f 160 368 15 158 369 162
f 161 116 16 369 158 401
f 161 192 32 418 164 402
f 161 158 401 159 192 32
f 162 16 370 1 118 113
f 162 369 16 116 370 118
f 163 117 17 165 403 18
f 164 418 17 163 117 402
f 164 161 32 194 418 17
f 165 17 418 194 196 33
f 165 403 17 164 418 196
f 166 120 18 167 404 19
f 167 18 403 165 195 34
f 167 404 18 163 403 195
f 168 123 19 169 405 20
f 169 19 404 167 198 35
f 169 405 19 166 404 198
f 170 126 20 171 406 21
f 171 20 405 169 200 36
f 171 406 20 168 405 200
f 172 129 21 173 407 22
f 173 21 406 171 202 37
f 173 407 21 170 406 202
f 174 132 22 175 408 23
f 175 22 407 173 204 38
f 175 408 22 172 407 204
f 176 135 23 177 409 24
f 177 23 408 175 206 39
f 177 409 23 174 408 206
f 178 138 24 179 410 25
f 179 24 409 177 208 40
f 179 410 24 176 409 208
f 180 141 25 181 411 26
f 181 25 410 179 210 41
f 181 411 25 178 410 210
f 182 144 26 183 412 27
f 183 26 411 181 212 42
f 183 412 26 180 411 212
f 184 147 27 185 413 28
f 185 27 412 183 214 43
f 185 413 27 182 412 214
f 186 150 28 187 414 29
f 187 28 413 185 216 44
f 187 414 28 184 413 216
f 188 153 29 189 415 30
f 189 29 414 187 218 45
f 189 415 29 186 414 218
f 190 156 30 191 416 31
f 191 30 415 189 220 46
f 191 416 30 188 415 220
f 192 159 31 193 417 32
f 193 31 416 191 222 47
f 193 417 31 190 416 222
f 194 224 48 434 196 418
f 194 32 417 193 224 48
f 194 418 32 192 417 224
f 195 165 33 197 419 34
f 196 434 33 195 165 418
f 196 194 48 226 434 33
f 197 33 434 226 228 49
f 197 419 33 196 434 228
f 198 167 34 199 420 35
f 199 34 419 197 227 50
f 199 420 34 195 419 227
f 200 169 35 201 421 36
f 201 35 420 199 230 51
f 201 421 35 198 420 230
f 202 171 36 203 422 37
f 203 36 421 201 232 52
f 203 422 36 200 421 232
f 204 173 37 205 423 38
f 205 37 422 203 234 53
f 205 423 37 202 422 234
f 206 175 38 207 424 39
f 207 38 423 205 236 54
f 207 424 38 204 423 236
f 208 177 39 209 425 40
f 209 39 424 207 238 55
f 209 425 39 206 424 238
f 210 179 40 211 426 41
f 211 40 425 209 240 56
f 211 426 40 208 425 240
f 212 181 41 213 427 42
f 213 41 426 211 242 57
f 213 427 41 210 426 242
f 214 183 42 215 428 43
f 215 42 427 213 244 58
f 215 428 42 212 427 244
f 216 185 43 217 429 44
f 217 43 428 215 246 59
f 217 429 43 214 428 246
f 218 187 44 219 430 45
f 219 44 429 217 248 60
f 219 430 44 216 429 248
f 220 189 45 221 431 46
f 221 45 430 219 250 61
f 221 431 45 218 430 250
f 222 191 46 223 432 47
f 223 46 431 221 252 62
f 223 432 46 220 431 252
f 224 193 47 225 433 48
f 225 47 432 223 254 63
f 225 433 47 222 432 254
f 226 256 64 258 228 434
f 226 48 433 225 256 64
f 226 434 48 224 433 256
f 227 197 49 228 229 435
f 228 229 49 227 197 434
f 229 450 65 259 435 227
f 230 199 50 227 231 436
f 231 230 50 199 227 435
f 231 435 66 262 436 230
f 232 201 51 230 233 437
f 233 232 51 201 230 436
f 233 436 67 264 437 232
f 234 203 52 232 235 438
f 235 234 52 203 232 437
f 235 437 68 266 438 234
f 236 205 53 234 237 439
f 237 236 53 205 234 438
f 237 438 69 268 439 236
f 238 207 54 236 239 440
f 239 238 54 207 236 439
f 239 439 70 270 440 238
f 240 209 55 238 241 441
f 241 240 55 209 238 440
f 241 440 71 272 441 240
f 242 211 56 240 243 442
f 243 242 56 211 240 441
f 243 441 72 274 442 242
f 244 213 57 242 245 443
f 245 244 57 213 242 442
f 245 442 73 276 443 244
f 246 215 58 244 247 444
f 247 246 58 215 244 443
f 247 443 74 278 444 246
f 248 217 59 246 249 445
f 249 248 59 217 246 444
f 249 444 75 280 445 248
f 250 219 60 248 251 446
f 251 250 60 219 248 445
f 251 445 76 282 446 250
f 252 221 61 250 253 447
f 253 252 61 221 250 446
f 253 446 77 284 447 252
f 254 223 62 252 255 448
f 255 254 62 223 252 447
f 255 447 78 286 448 254
f 256 225 63 254 257 449
f 257 256 63 225 254 448
f 257 448 79 288 449 256
f 258 228 64 226 256 449
f 258 449 80 260 450 228
f 259 435 65 260 261 451
f 259 263 66 231 435 65
f 260 261 65 229 450 80
f 261 466 81 291 451 259
f 262 436 66 259 263 452
f 262 265 67 233 436 66
f 263 262 66 435 259 451
f 263 451 82 294 452 262
f 264 437 67 262 265 453
f 264 267 68 235 437 67
f 265 264 67 436 262 452
f 265 452 83 296 453 264
f 266 438 68 264 267 454
f 266 269 69 237 438 68
f 267 266 68 437 264 453
f 267 453 84 298 454 266
f 268 439 69 266 269 455
f 268 271 70 239 439 69
f 269 268 69 438 266 454
f 269 454 85 300 455 268
f 270 440 70 268 271 456
f 270 273 71 241 440 70
f 271 270 70 439 268 455
f 271 455 86 302 456 270
f 272 441 71 270 273 457
f 272 275 72 243 441 71
f 273 272 71 440 270 456
f 273 456 87 304 457 272
f 274 442 72 272 275 458
f 274 277 73 245 442 72
f 275 274 72 441 272 457
f 275 457 88 306 458 274
f 276 443 73 274 277 459
f 276 279 74 247 443 73
f 277 276 73 442 274 458
f 277 458 89 308 459 276
f 278 444 74 276 279 460
f 278 281 75 249 444 74
f 279 278 74 443 276 459
f 279 459 90 310 460 278
f 280 445 75 278 281 461
f 280 283 76 251 445 75
f 281 280 75 444 278 460
f 281 460 91 312 461 280
f 282 446 76 280 283 462
f 282 285 77 253 446 76
f 283 282 76 445 280 461
f 283 461 92 314 462 282
f 284 447 77 282 285 463
f 284 287 78 255 447 77
f 285 284 77 446 282 462
f 285 462 93 316 463 284
f 286 448 78 284 287 464
f 286 289 79 257 448 78
f 287 286 78 447 284 463
f 287 463 94 318 464 286
f 288 449 79 286 289 465
f 288 290 80 258 449 79
f 289 288 79 448 286 464
f 289 464 95 320 465 288
f 290 260 80 449 288 465
f 290 465 96 292 466 260
f 291 451 81 292 293 467
f 291 295 82 263 451 81
f 292 293 81 261 466 96
f 293 292 482 322 324 97
f 294 452 82 291 295 468
f 294 297 83 265 452 82
f 295 294 82 451 291 467
f 295 291 467 293 323 98
f 296 453 83 294 297 469
f 296 299 84 267 453 83
f 297 296 83 452 294 468
f 297 294 468 295 326 99
f 298 454 84 296 299 470
f 298 301 85 269 454 84
f 299 298 84 453 296 469
f 299 296 469 297 328 100
f 300 455 85 298 301 471
f 300 303 86 271 455 85
f 301 300 85 454 298 470
f 301 298 470 299 330 101
f 302 456 86 300 303 472
f 302 305 87 273 456 86
f 303 302 86 455 300 471
f 303 300 471 301 332 102
f 304 457 87 302 305 473
f 304 307 88 275 457 87
f 305 304 87 456 302 472
f 305 302 472 303 334 103
f 306 458 88 304 307 474
f 306 309 89 277 458 88
f 307 306 88 457 304 473
f 307 304 473 305 336 104
f 308 459 89 306 309 475
f 308 311 90 279 459 89
f 309 308 89 458 306 474
f 309 306 474 307 338 105
f 310 460 90 308 311 476
f 310 313 91 281 460 90
f 311 310 90 459 308 475
f 311 308 475 309 340 106
f 312 461 91 310 313 477
f 312 315 92 283 461 91
f 313 312 91 460 310 476
f 313 310 476 311 342 107
f 314 462 92 312 315 478
f 314 317 93 285 462 92
f 315 314 92 461 312 477
f 315 312 477 313 344 108
f 316 463 93 314 317 479
f 316 319 94 287 463 93
f 317 316 93 462 314 478
f 317 314 478 315 346 109
f 318 464 94 316 319 480
f 318 321 95 289 464 94
f 319 318 94 463 316 479
f 319 316 479 317 348 110
f 320 465 95 318 321 481
f 320 322 96 290 465 95
f 321 320 95 464 318 480
f 321 318 480 319 350 111
f 322 292 96 465 320 481
f 322 352 112 386 324 482
f 322 320 481 321 352 112
f 323 293 97 325 371 98
f 324 386 97 323 293 482
f 324 322 112 354 386 97
f 325 354 114 329 327 371
f 325 97 386 112 354 114
f 325 371 97 324 386 354
f 326 295 98 327 372 99
f 327 98 371 97 325 114
f 327 325 114 331 329 372
f 327 372 98 323 371 325
f 328 297 99 329 373 100
f 329 99 372 98 327 114
f 329 327 114 333 331 373
f 329 373 99 326 372 327
f 330 299 100 331 374 101
f 331 100 373 99 329 114
f 331 329 114 335 333 374
f 331 374 100 328 373 329
f 332 301 101 333 375 102
f 333 101 374 100 331 114
f 333 331 114 337 335 375
f 333 375 101 330 374 331
f 334 303 102 335 376 103
f 335 102 375 101 333 114
f 335 333 114 339 337 376
f 335 376 102 332 375 333
f 336 305 103 337 377 104
f 337 103 376 102 335 114
f 337 335 114 341 339 377
f 337 377 103 334 376 335
f 338 307 104 339 378 105
f 339 104 377 103 337 114
f 339 337 114 343 341 378
f 339 378 104 336 377 337
f 340 309 105 341 379 106
f 341 105 378 104 339 114
f 341 339 114 345 343 379
f 341 379 105 338 378 339
f 342 311 106 343 380 107
f 343 106 379 105 341 114
f 343 341 114 347 345 380
f 343 380 106 340 379 341
f 344 313 107 345 381 108
f 345 107 380 106 343 114
f 345 343 114 349 347 381
f 345 381 107 342 380 343
f 346 315 108 347 382 109
f 347 108 381 107 345 114
f 347 345 114 351 349 382
f 347 382 108 344 381 345
f 348 317 109 349 383 110
f 349 109 382 108 347 114
f 349 347 114 353 351 383
f 349 383 109 346 382 347
f 350 319 110 351 384 111
f 351 110 383 109 349 114
f 351 349 114 354 353 384
f 351 384 110 348 383 349
f 352 321 111 353 385 112
f 353 111 384 110 351 114
f 353 351 114 325 354 385
f 353 385 111 350 384 351
f 354 112 385 111 353 114
f 354 386 112 352 385 353
f 387 163 120 2 115 117
f 387 120 115 1 117 163
f 387 115 117 17 163 120
f 388 166 123 3 119 120
f 388 123 119 2 120 166
f 388 119 120 18 166 123
f 389 168 126 4 122 123
f 389 126 122 3 123 168
f 389 122 123 19 168 126
f 390 170 129 5 125 126
f 390 129 125 4 126 170
f 390 125 126 20 170 129
f 391 172 132 6 128 129
f 391 132 128 5 129 172
f 391 128 129 21 172 132
f 392 174 135 7 131 132
f 392 135 131 6 132 174
f 392 131 132 22 174 135
f 393 176 138 8 134 135
f 393 138 134 7 135 176
f 393 134 135 23 176 138
f 394 178 141 9 137 138
f 394 141 137 8 138 178
f 394 137 138 24 178 141
f 395 180 144 10 140 141
f 395 144 140 9 141 180
f 395 140 141 25 180 144
f 396 182 147 11 143 144
f 396 147 143 10 144 182
f 396 143 144 26 182 147
f 397 184 150 12 146 147
f 397 150 146 11 147 184
f 397 146 147 27 184 150
f 398 186 153 13 149 150
f 398 153 149 12 150 186
f 398 149 150 28 186 153
f 399 188 156 14 152 153
f 399 156 152 13 153 188
f 399 152 153 29 188 156
f 400 190 159 15 155 156
f 400 159 155 14 156 190
f 400 155 156 30 190 159
f 401 192 161 16 158 159
f 401 161 158 15 159 192
f 401 158 159 31 192 161
f 402 164 117 1 116 161
f 402 117 116 16 161 164
f 402 116 161 32 164 117
f 403 17 165 33 195 167
f 404 18 167 34 198 169
f 405 19 169 35 200 171
f 406 20 171 36 202 173
f 407 21 173 37 204 175
f 408 22 175 38 206 177
f 409 23 177 39 208 179
f 410 24 179 40 210 181
f 411 25 181 41 212 183
f 412 26 183 42 214 185
f 413 27 185 43 216 187
f 414 28 187 44 218 189
f 415 29 189 45 220 191
f 416 30 191 46 222 193
f 417 31 193 47 224 194
f 418 32 194 48 196 165
f 419 33 197 49 227 199
f 420 34 199 50 230 201
f 421 35 201 51 232 203
f 422 36 203 52 234 205
f 423 37 205 53 236 207
f 424 38 207 54 238 209
f 425 39 209 55 240 211
f 426 40 211 56 242 213
f 427 41 213 57 244 215
f 428 42 215 58 246 217
f 429 43 217 59 248 219
f 430 44 219 60 250 221
f 431 45 221 61 252 223
f 432 46 223 62 254 225
f 433 47 225 63 256 226
f 434 48 226 64 228 197
f 435 66 231 50 227 229
f 435 231 227 49 229 65
f 436 67 233 51 230 231
f 436 233 230 50 231 66
f 437 68 235 52 232 233
f 437 235 232 51 233 67
f 438 69 237 53 234 235
f 438 237 234 52 235 68
f 439 70 239 54 236 237
f 439 239 236 53 237 69
f 440 71 241 55 238 239
f 440 241 238 54 239 70
f 441 72 243 56 240 241
f 441 243 240 55 241 71
f 442 73 245 57 242 243
f 442 245 242 56 243 72
f 443 74 247 58 244 245
f 443 247 244 57 245 73
f 444 75 249 59 246 247
f 444 249 246 58 247 74
f 445 76 251 60 248 249
f 445 251 248 59 249 75
f 446 77 253 61 250 251
f 446 253 250 60 251 76
f 447 78 255 62 252 253
f 447 255 252 61 253 77
f 448 79 257 63 254 255
f 448 257 254 62 255 78
f 449 80 258 64 256 257
f 449 258 256 63 257 79
f 450 65 229 49 228 258
f 450 229 228 64 258 80
f 451 82 263 66 259 261
f 451 263 259 65 261 81
f 452 83 265 67 262 263
f 452 265 262 66 263 82
f 453 84 267 68 264 265
f 453 267 264 67 265 83
f 454 85 269 69 266 267
f 454 269 266 68 267 84
f 455 86 271 70 268 269
f 455 271 268 69 269 85
f 456 87 273 71 270 271
f 456 273 270 70 271 86
f 457 88 275 72 272 273
f 457 275 272 71 273 87
f 458 89 277 73 274 275
f 458 277 274 72 275 88
f 459 90 279 74 276 277
f 459 279 276 73 277 89
f 460 91 281 75 278 279
f 460 281 278 74 279 90
f 461 92 283 76 280 281
f 461 283 280 75 281 91
f 462 93 285 77 282 283
f 462 285 282 76 283 92
f 463 94 287 78 284 285
f 463 287 284 77 285 93
f 464 95 289 79 286 287
f 464 289 286 78 287 94
f 465 96 290 80 288 289
f 465 290 288 79 289 95
f 466 81 261 65 260 290
f 466 261 260 80 290 96
f 467 323 295 82 291 293
f 467 295 291 81 293 323
f 467 291 293 97 323 295
f 468 326 297 83 294 295
f 468 297 294 82 295 326
f 468 294 295 98 326 297
f 469 328 299 84 296 297
f 469 299 296 83 297 328
f 469 296 297 99 328 299
f 470 330 301 85 298 299
f 470 301 298 84 299 330
f 470 298 299 100 330 301
f 471 332 303 86 300 301
f 471 303 300 85 301 332
f 471 300 301 101 332 303
f 472 334 305 87 302 303
f 472 305 302 86 303 334
f 472 302 303 102 334 305
f 473 336 307 88 304 305
f 473 307 304 87 305 336
f 473 304 305 103 336 307
f 474 338 309 89 306 307
f 474 309 306 88 307 338
f 474 306 307 104 338 309
f 475 340 311 90 308 309
f 475 311 308 89 309 340
f 475 308 309 105 340 311
f 476 342 313 91 310 311
f 476 313 310 90 311 342
f 476 310 311 106 342 313
f 477 344 315 92 312 313
f 477 315 312 91 313 344
f 477 312 313 107 344 315
f 478 346 317 93 314 315
f 478 317 314 92 315 346
f 478 314 315 108 346 317
f 479 348 319 94 316 317
f 479 319 316 93 317 348
f 479 316 317 109 348 319
f 480 350 321 95 318 319
f 480 321 318 94 319 350
f 480 318 319 110 350 321
f 481 352 322 96 320 321
f 481 322 320 95 321 352
f 481 320 321 111 352 322
f 482 324 293 81 292 322
f 482 293 292 96 322 324
f 482 292 322 112 324 293